1965
9977
6691
1811
5335
2497
5491
5900
8153
4343
9240
8041
7923
8964
4861
143
2471
7341
9834
9866
5016
5597
7975
6999
9711
7796
9946
6555
8312
6940
401
180
4617
1427
9020
1322
8882
6346
1041
304
5407
6361
8099
7901
763
460
9116
4146
6911
7630
3591
8712
5000
6529
2203
9943
7575
7496
3778
8773
3649
769
4488
2921
6967
7857
2782
5195
8160
1085
4093
234
8498
6115
5240
3593
6367
2916
7435
9847
5756
7262
6752
393
5053
7833
1600
8806
4172
8734
3206
9424
4377
9631
8319
5898
3387
9463
8942
3594
3461
8575
6380
2252
3540
6698
9452
7216
7444
5278
189
8753
2721
7584
9864
3475
6715
7690
7673
5816
931
9051
3787
8543
3651
1515
7788
4570
7802
7865
7664
7275
7013
2660
7889
4986
9017
4082
2643
9653
620
3824
9510
5829
4995
1767
1861
2153
806
951
6155
9345
9920
6659
2357
4872
1155
9400
9570
8303
2920
5675
4600
1458
8020
6687
2016
7674
6198
4911
5713
5726
3612
3726
362
1542
8326
2440
3433
8046
6370
2533
1721
4628
3318
8586
9608
334
8189
2875
438
5995
2040
1233
457
6340
22
2884
4494
3166
4062
9445
6810
7039
6393
3275
9902
2826
5725
7976
2025
4137
7315
4646
4007
3510
2090
164
5959
2054
8613
9671
4011
7890
111
6559
9448
787
9567
951
2637
5210
2454
1352
7569
9626
1829
7435
5189
307
5260
3977
1896
8891
333
9441
1769
8554
6239
8756
5383
9266
2879
4737
5829
7273
64
472
8441
7957
6131
6749
1075
9379
5154
9004
4571
9172
2342
9587
8499
1749
9576
2480
8636
6313
3348
6423
6580
6053
9802
9904
8060
6008
1694
6524
4232
2932
1920
2098
8512
5981
4422
1018
4964
4621
9285
6324
8652
6562
494
1526
860
2581
4500
4465
5095
2536
9708
6239
5611
6235
8366
2043
1930
5866
1832
5276
5785
3271
2
2367
2609
1519
7932
2785
8866
7516
6531
5142
7671
1943
9122
8136
9541
1815
2213
208
9886
3739
201
858
178
607
8496
4584
2949
1694
625
6774
7451
7541
9275
9557
5743
5552
7449
102
2179
2691
7985
7220
4434
8183
8359
3966
6593
3167
5263
9168
6484
9797
6352
5790
1742
9078
1571
237
6128
87
9899
781
2498
1555
8846
2694
9407
2162
8241
877
1162
5815
675
8484
2527
950
7472
5292
8517
7104
9605
6903
9359
4540
4115
462
9889
9748
2236
3132
3520
8937
8603
485
1138
8628
1888
6423
4869
7675
1257
3739
9276
1932
5148
7640
3795
4664
3600
5029
7923
2559
4028
4216
3537
2804
2631
6031
9665
4012
3151
4026
7449
2585
4869
1923
5968
413
2725
8204
5285
1838
8403
5476
5067
3669
6497
2405
7250
482
1789
5965
913
9567
6839
6982
1071
9503
7840
7716
882
8675
574
8731
7038
5449
3117
4523
4847
8498
7632
3321
9394
2190
2788
2971
2013
8311
4549
5535
1503
966
6377
2120
4562
5349
6107
919
5533
8210
3859
2802
294
1741
32
9715
4581
9615
4247
9872
4931
8599
9973
4114
9441
354
3040
3476
4965
1221
332
3050
9584
6106
7338
1259
2827
5653
9867
6077
2591
2690
290
4108
5075
4269
7271
2950
9792
7246
7223
534
8609
1871
2825
1483
9862
7979
1644
2212
3144
9892
4412
1322
9847
353
7971
5530
6334
2371
7308
2765
8488
2402
4338
8998
7132
3080
2007
6040
1076
5194
8338
2625
9772
8815
7695
1559
1957
3678
2890
4654
8793
7992
9606
2835
345
8303
6600
5959
5058
1954
6145
715
1902
8390
3576
3045
9670
6946
741
653
4677
7143
6330
9382
2936
3002
2493
6540
9330
3136
6608
7910
8732
7333
4769
8792
4697
2472
2460
8729
2040
2678
9215
4267
6531
5714
5270
1932
9316
4446
1285
6360
1910
9705
2484
6601
2569
5637
9364
6908
5664
3155
2320
1377
1573
7950
8351
527
5885
8640
6405
4353
3781
4597
3609
7153
3291
7210
5426
5312
6586
8017
1898
7711
5917
6997
3060
957
8100
3588
9770
6061
1508
3229
5791
8242
3369
1639
2084
5050
1671
588
2150
533
2622
2929
5380
8833
4188
6627
9918
4308
2044
7903
8489
4596
3788
1997
5631
5606
892
826
7795
5505
8802
6577
3042
5454
7035
9014
6341
223
8764
7935
8819
5081
7414
7663
1379
2063
3208
9311
2512
8268
7279
9595
6421
1389
5640
8023
1399
4072
4197
8060
9746
3277
4414
9651
2283
9944
1967
4605
8309
8656
5904
4189
2960
2639
7266
6722
7483
382
8644
1460
8746
9757
9557
2938
7683
9244
7988
9814
2498
8840
9668
2126
924
8341
1419
9224
8864
1429
1210
6305
1849
3122
6630
2490
1985
2302
2629
2511
1376
4948
3508
5973
5634
5962
5893
4720
3478
4470
2310
2974
5138
4458
364
2499
7988
7389
3983
1586
3412
1592
5982
5685
5573
3273
2740
2506
9786
6311
3922
7562
645
3043
8316
8630
3706
232
4560
6576
9603
2895
5200
1955
3149
8993
3153
1344
5663
329
8092
8519
410
7957
7762
4414
844
5753
1068
2193
1887
6960
1280
8966
3678
3361
5487
8299
4872
7322
8604
3679
765
2875
9127
6522
6549
9185
311
7977
7152
5469
5895
7946
9032
4145
3255
5200
4354
2102
147
3539
8308
6333
1696
7320
7760
7296
3411
4633
2495
4180
444
2384
393
1726
5727
4053
7808
1119
9571
7681
4556
4205
3315
4191
9809
7519
8691
5182
6973
8036
3708
2229
7725
3425
5544
1876
4431
1733
6714
7906
9298
8091
4004
425
3162
4316
6044
9258
7600
126
7016
2237
2742
7292
4662
6570
7208
8755
648
1149
814
647
413
346
7582
4928
4139
2781
9342
6900
7144
3772
6423
3058
3352
6059
3829
1432
3313
4444
5547
7970
3018
3041
4291
1568
1586
8399
9939
9618
7965
849
5291
2387
552
294
4555
7983
5726
1416
5730
177
7827
2858
7601
5438
8861
5309
4189
1384
9987
5311
6804
6560
6430
400
4247
2715
2684
6226
7973
895
6659
7885
5032
267
3442
9997
3672
3889
9811
521
6974
7808
5421
4208
5556
9570
6230
9905
2823
6654
5414
9063
5518
6235
4519
6367
1349
4019
968
3128
1890
9487
400
4598
5016
1845
847
2835
6026
8250
6272
2419
887
3381
1195
9234
9619
1714
3032
6028
3783
2032
9646
8168
8607
7752
345
1986
6369
4682
4809
7636
2589
8229
7639
9344
7456
8179
5683
8044
5955
7615
2808
1627
7680
1508
817
6676
3940
467
6358
8353
5360
8736
1550
9959
986
4506
2104
1596
5984
4261
9461
3082
6028
9590
5228
8238
1427
9114
4993
5853
6952
2547
5408
7317
3310
2048
1299
4427
554
2648
9747
1238
6038
5427
220
3766
7474
5493
985
738
9286
8424
6510
5406
7378
9269
9524
6709
6134
5534
782
7545
5149
4363
7035
3812
5556
6575
3957
6953
9273
262
3926
8860
7695
5214
4458
6603
1565
2286
1807
3816
6998
7175
4984
7604
3043
1910
7746
7273
9500
8403
8894
2148
4231
1130
1213
1885
5479
1859
3450
8644
8917
9280
2352
7914
8812
1427
6380
1785
3694
9449
3934
4417
3460
1702
2969
8176
211
2126
1290
5357
9578
1133
7509
754
1576
4629
6666
6195
5258
3842
5799
3695
4418
9499
8695
2898
3059
215
2152
2580
841
728
5098
3634
3894
41
4516
807
5078
3984
8352
1350
1284
752
7334
2055
9477
3743
8487
2716
8706
6734
2352
3678
2564
6218
3710
9497
1528
6493
1552
9616
9282
1522
3608
9151
6317
1364
4492
619
1568
8641
6745
4344
7709
6736
471
6327
3123
3404
5895
1353
867
8012
7192
3541
4431
2993
9450
1378
1278
4011
5370
8722
1373
4280
7115
571
8879
9082
4006
8146
4005
308
8728
214
8649
2289
9210
2519
2580
9969
8414
5729
2992
1376
3461
1641
6583
3509
173
7778
9306
5940
6344
4540
4670
5728
3416
2811
1584
6225
5654
6223
5689
8605
7921
6933
9117
7062
6212
137
8030
6737
2160
2870
1197
3710
7449
9964
8016
3577
2477
1933
4703
651
5102
7972
3193
1485
5921
9250
8147
9627
9343
8246
3440
2897
1753
5977
6957
4085
24
3299
4403
7664
2786
7229
6847
7306
9849
4740
3038
4961
3757
6518
4354
5190
6946
4109
2786
8036
1292
5781
9549
2749
1591
1116
7919
5715
3283
9205
3020
4352
1164
2408
6569
7571
8535
1914
8730
680
3017
8308
7318
8514
9202
2642
8710
2983
5510
9403
2397
1160
2556
4616
290
6364
5392
5891
8024
8168
4099
7246
1518
7645
4354
6924
4866
5134
3604
4240
737
3580
3500
304
3386
3599
6991
565
2864
2083
799
3794
7566
4414
7094
3455
116
7050
1679
3265
3088
1731
1997
2407
1048
62
511
2243
7412
5075
4315
260
1209
9897
8823
108
4847
4125
7432
2898
7700
9407
3281
9495
1593
7721
3885
6301
218
8028
4183
2968
1723
4728
9734
3221
5790
3064
4759
7666
178
7736
3714
4681
8725
4645
351
1436
1801
1807
5969
3182
4581
8205
464
7308
7154
1549
7253
9639
7590
1446
4942
3534
1166
8844
6673
9740
3731
4895
7965
2939
191
1361
988
1396
8745
4242
6885
9957
9565
2266
9871
717
9175
6130
1423
9735
3837
127
6354
9312
3052
1244
7670
5046
7995
322
5282
9648
5068
5271
8775
8724
33
1889
942
8585
8331
4645
3408
9402
4013
8609
8916
2402
7871
2882
163
6074
6942
4018
5752
2765
961
8289
1908
1301
8279
6607
1342
3236
460
6916
5511
6448
4635
7228
1946
1723
5484
899
1362
4350
3870
8536
8951
7314
1568
8449
4096
667
2202
4443
668
2930
4457
7979
5852
1437
9095
6854
1704
1085
4744
5898
7762
323
9376
8087
8663
8335
4819
2638
6913
7863
5157
2580
121
5585
8416
7282
8778
5966
3651
4125
2497
178
1463
7405
4545
1796
6893
3292
5892
6014
8739
8812
1355
5105
5894
2469
278
7129
4882
7499
7103
7672
7860
3288
9056
2594
8384
9419
5877
1317
2830
4604
4540
5922
8111
4858
409
9948
6174
5508
4182
5036
290
9584
4904
8719
7424
3899
7292
5229
7469
6830
6688
4390
6785
9065
2079
5834
7862
4830
9156
7653
1136
2653
7872
5222
1031
6328
3590
843
6895
9234
2355
4635
8681
537
2443
4271
6322
6140
1118
6014
7657
1882
6522
5571
4494
6250
6826
6957
2310
5665
172
4115
795
7747
1073
1858
5168
5145
3837
5124
9474
7243
5630
9695
5578
3898
1289
1527
304
9756
5743
3424
2985
1621
7071
4629
7489
8559
3142
4734
5283
2534
3745
5170
5348
6883
5635
1593
7088
5922
306
1323
301
962
9275
8587
9484
2984
9638
2234
3566
4224
1396
4041
3490
7234
916
5471
3788
5709
6022
2258
242
578
8551
8854
7808
8560
635
1551
3547
8935
5720
4821
2130
2443
8398
6243
4689
6647
8437
2204
144
4715
8384
1979
1704
4612
2141
228
3493
343
542
2349
4006
9578
3025
787
9265
4110
4843
1306
1076
7852
4692
6084
9575
9883
9820
8109
3053
5164
3004
3729
4170
9842
2118
747
1742
17
8222
9067
2638
7666
4242
1794
9348
9248
9093
3085
7069
6434
4585
6556
3680
1557
4634
3918
7599
4181
5960
1131
2869
329
3501
1789
4944
9480
6429
5084
3768
875
3530
9429
7453
3505
1623
22
3951
473
3909
1752
6022
7839
8089
9929
4114
5670
2718
7990
8749
1070
7975
6450
3245
1458
4221
2613
3494
1794
1702
1651
5787
6120
6151
8311
9893
9544
9616
6732
1084
2537
5781
9785
7394
2586
5454
727
2463
7347
6244
4480
5287
8745
2795
6549
9352
9373
1727
2379
8544
3986
7671
7812
9867
4490
2663
6678
9113
4284
7873
3962
1230
5475
2699
1587
1075
5830
3484
24
59
1407
6351
5600
9920
6475
4826
3977
6715
6157
6393
853
3842
9423
5619
2098
3803
1430
4478
548
5167
8464
1103
4273
1786
189
7737
3097
9887
5383
6951
1888
2585
7168
2437
9530
8859
2487
8839
5474
1897
9254
6317
2582
3264
2250
4287
3586
5584
176
1202
3287
7690
4329
6093
9864
5012
8266
725
4049
4457
5410
8371
5493
3933
248
2616
9634
654
1
3879
9555
9399
3355
1120
4786
9854
2857
4253
248
7629
3452
949
5506
2222
5834
6191
2257
399
7677
9488
1471
5652
4699
9621
4281
4652
1309
2188
4093
4636
7006
9309
3025
7784
18
822
2813
8992
4480
8851
4455
7607
7470
1469
6169
702
9863
601
209
1647
2780
65
1669
5702
1460
4896
9552
4921
6241
8151
6702
5145
7137
4573
3776
4721
1549
3
2284
218
4290
9780
4628
8081
8297
796
7665
1360
5685
192
9148
9001
3833
2971
3464
5234
1763
9977
2992
4697
6937
2523
9849
5369
5934
1915
627
8421
9921
5290
7041
2113
4691
6677
8626
3552
7827
6950
8428
2775
9063
7175
4229
4305
825
1009
4365
6044
4492
2834
7259
1216
3385
2797
4066
5200
9146
5772
5807
9
5363
832
6370
6775
7336
2201
6119
5639
7646
1761
7776
4631
9202
6706
9520
6954
8576
2328
8119
4503
882
2433
4581
1777
117
2961
8941
8578
1001
2162
952
272
2677
1561
1794
7361
6404
6484
7973
9051
7920
7247
1808
1700
4809
2486
5267
7976
4386
1364
4266
2457
8697
3337
4355
8481
6689
4219
606
8627
9934
9348
9265
175
2780
5513
7733
7108
8251
9930
2864
8527
4043
853
4351
50
7585
6037
4112
8656
6963
7736
2586
6869
6518
9455
1449
947
2385
5598
4106
3095
8877
3203
1199
3993
1019
4755
2431
5874
9378
1728
6445
4808
7620
8519
9924
9061
1181
4453
2572
9990
6007
3978
7915
4383
1724
3590
2571
4636
9673
5071
8819
7586
8410
901
1829
6899
5176
7133
4756
4528
9005
2121
5840
6986
1440
2136
7008
4033
7585
1946
1594
2221
6850
9324
7025
8155
2239
3426
9820
799
6348
2322
8767
1928
8122
5789
3513
1777
3078
3097
3033
9683
8078
6745
349
4696
2417
2142
776
826
5330
7974
2239
8730
1031
579
6689
3245
6436
5079
7585
7441
5488
4859
3137
6909
833
575
3885
8598
3545
5116
2449
3437
4780
2021
2887
6822
4076
2603
8833
5684
9715
127
5039
944
9356
7283
414
8873
575
4970
1341
149
5031
1182
877
4277
562
1712
9141
5606
4116
5817
8143
772
3752
4495
2227
6393
5924
3332
8157
739
3912
5337
5421
4084
4403
6527
7996
8291
2514
3726
614
5696
3414
9054
8216
7924
2289
7491
9014
8726
3997
1414
4169
186
3464
1117
8804
9157
4383
2605
610
3756
3846
6790
5518
9209
4706
4909
9151
1871
7427
7591
2893
101
2002
3664
244
6574
994
8284
4324
3594
1078
4805
834
2805
255
5347
2016
9421
4128
6089
1395
9089
7728
124
7446
5284
7435
7423
2923
2401
8150
3625
1849
5817
5453
6296
9079
4951
5323
1439
3523
2165
7700
5723
1567
264
7682
2435
3912
4853
6395
4494
7845
1815
9243
718
8505
1193
867
9722
9156
9949
9166
7817
12
3375
8892
1946
7843
